0  90000000000  90000000000 6.913620234 55.47476411 70.59016824 85.12116075 83.49156976  90000000000  90000000000  90000000000 8.531433344 97.14384675  90000000000  90000000000 35.15821099  90000000000  90000000000  90000000000  90000000000
 90000000000 0 7.691019773  90000000000  90000000000 76.21495128 80.1384151 79.24162745  90000000000  90000000000  90000000000  90000000000 80.33477664  90000000000  90000000000  90000000000 84.58148837 69.02710795  90000000000 10.27399898
 90000000000 7.691019773 0 8.808118105  90000000000 6.061631441  90000000000  90000000000 18.51828694 50.09868741 78.28705907 47.66348004  90000000000  90000000000  90000000000  90000000000  90000000000  90000000000 9.415370226  90000000000
6.913620234  90000000000 8.808118105 0 16.31874442 37.69444823  90000000000 62.93334365 95.8004415 76.60607696 17.50845313 19.72827315  90000000000  90000000000 92.43692756  90000000000  90000000000  90000000000 57.81950355  90000000000
55.47476411  90000000000  90000000000 16.31874442 0 39.50405717  90000000000  90000000000  90000000000  90000000000 25.8965075  90000000000  90000000000 41.50028825  90000000000 77.46382356  90000000000 98.39439988  90000000000 73.43264222
70.59016824 76.21495128 6.061631441 37.69444823 39.50405717 0  90000000000  90000000000  90000000000 9.317034483 49.94856715 38.54305148 38.0399406 25.44118762  90000000000  90000000000 46.0281074 86.31631732  90000000000  90000000000
85.12116075 80.1384151  90000000000  90000000000  90000000000  90000000000 0 93.49139333  90000000000  90000000000  90000000000 90.35437703 91.00216031 48.41416478 32.17046857 38.4136498  90000000000 35.74345708 1.927739382 40.79421163
83.49156976 79.24162745  90000000000 62.93334365  90000000000  90000000000 93.49139333 0 31.89992309  90000000000  90000000000  90000000000  90000000000 12.71490455 94.35366988  90000000000 90.99759459 53.75666022  90000000000 70.50251365
 90000000000  90000000000 18.51828694 95.8004415  90000000000  90000000000  90000000000 31.89992309 0 67.70005822  90000000000 48.27113748  90000000000  90000000000 44.55423951  90000000000 62.20112443 24.39599633  90000000000  90000000000
 90000000000  90000000000 50.09868741 76.60607696  90000000000 9.317034483  90000000000  90000000000 67.70005822 0  90000000000 53.46867442 45.13627887  90000000000 61.32518649  90000000000  90000000000  90000000000 85.85998416 92.07684398
 90000000000  90000000000 78.28705907 17.50845313 25.8965075 49.94856715  90000000000  90000000000  90000000000  90000000000 0 4.470139742  90000000000 63.64381909 46.95609212  90000000000  90000000000  90000000000  90000000000 55.84991574
8.531433344  90000000000 47.66348004 19.72827315  90000000000 38.54305148 90.35437703  90000000000 48.27113748 53.46867442 4.470139742 0  90000000000 24.09819961 79.86568809  90000000000  90000000000 69.36969161  90000000000 49.07025695
97.14384675 80.33477664  90000000000  90000000000  90000000000 38.0399406 91.00216031  90000000000  90000000000 45.13627887  90000000000  90000000000 0  90000000000 86.1350596 84.04007554 83.75325799  90000000000  90000000000 11.41758561
 90000000000  90000000000  90000000000  90000000000 41.50028825 25.44118762 48.41416478 12.71490455  90000000000  90000000000 63.64381909 24.09819961  90000000000 0 83.30647349  90000000000  90000000000  90000000000 1.42647624  90000000000
 90000000000  90000000000  90000000000 92.43692756  90000000000  90000000000 32.17046857 94.35366988 44.55423951 61.32518649 46.95609212 79.86568809 86.1350596 83.30647349 0  90000000000 46.10002637  90000000000  90000000000 17.96525121
35.15821099  90000000000  90000000000  90000000000 77.46382356  90000000000 38.4136498  90000000000  90000000000  90000000000  90000000000  90000000000 84.04007554  90000000000  90000000000 0  90000000000  90000000000  90000000000  90000000000
 90000000000 84.58148837  90000000000  90000000000  90000000000 46.0281074  90000000000 90.99759459 62.20112443  90000000000  90000000000  90000000000 83.75325799  90000000000 46.10002637  90000000000 0  90000000000  90000000000 99.20507073
 90000000000 69.02710795  90000000000  90000000000 98.39439988 86.31631732 35.74345708 53.75666022 24.39599633  90000000000  90000000000 69.36969161  90000000000  90000000000  90000000000  90000000000  90000000000 0 36.69664264 76.91313624
 90000000000  90000000000 9.415370226 57.81950355  90000000000  90000000000 1.927739382  90000000000  90000000000 85.85998416  90000000000  90000000000  90000000000 1.42647624  90000000000  90000000000  90000000000 36.69664264 0  90000000000
 90000000000 10.27399898  90000000000  90000000000 73.43264222  90000000000 40.79421163 70.50251365  90000000000 92.07684398 55.84991574 49.07025695 11.41758561  90000000000 17.96525121  90000000000 99.20507073 76.91313624  90000000000 0