0 99999 99999 6.913620234 55.47476411 70.59016824 85.12116075 83.49156976 99999 99999 99999 8.531433344 97.14384675 99999 99999 35.15821099 99999 99999 99999 99999
99999 0 7.691019773 99999 99999 76.21495128 80.1384151 79.24162745 99999 99999 99999 99999 80.33477664 99999 99999 99999 84.58148837 69.02710795 99999 10.27399898
99999 7.691019773 0 8.808118105 99999 6.061631441 99999 99999 18.51828694 50.09868741 78.28705907 47.66348004 99999 99999 99999 99999 99999 99999 9.415370226 99999
6.913620234 99999 8.808118105 0 16.31874442 37.69444823 99999 62.93334365 95.8004415 76.60607696 17.50845313 19.72827315 99999 99999 92.43692756 99999 99999 99999 57.81950355 99999
55.47476411 99999 99999 16.31874442 0 39.50405717 99999 99999 99999 99999 25.8965075 99999 99999 41.50028825 99999 77.46382356 99999 98.39439988 99999 73.43264222
70.59016824 76.21495128 6.061631441 37.69444823 39.50405717 0 99999 99999 99999 9.317034483 49.94856715 38.54305148 38.0399406 25.44118762 99999 99999 46.0281074 86.31631732 99999 99999
85.12116075 80.1384151 99999 99999 99999 99999 0 93.49139333 99999 99999 99999 90.35437703 91.00216031 48.41416478 32.17046857 38.4136498 99999 35.74345708 1.927739382 40.79421163
83.49156976 79.24162745 99999 62.93334365 99999 99999 93.49139333 0 31.89992309 99999 99999 99999 99999 12.71490455 94.35366988 99999 90.99759459 53.75666022 99999 70.50251365
99999 99999 18.51828694 95.8004415 99999 99999 99999 31.89992309 0 67.70005822 99999 48.27113748 99999 99999 44.55423951 99999 62.20112443 24.39599633 99999 99999
99999 99999 50.09868741 76.60607696 99999 9.317034483 99999 99999 67.70005822 0 99999 53.46867442 45.13627887 99999 61.32518649 99999 99999 99999 85.85998416 92.07684398
99999 99999 78.28705907 17.50845313 25.8965075 49.94856715 99999 99999 99999 99999 0 4.470139742 99999 63.64381909 46.95609212 99999 99999 99999 99999 55.84991574
8.531433344 99999 47.66348004 19.72827315 99999 38.54305148 90.35437703 99999 48.27113748 53.46867442 4.470139742 0 99999 24.09819961 79.86568809 99999 99999 69.36969161 99999 49.07025695
97.14384675 80.33477664 99999 99999 99999 38.0399406 91.00216031 99999 99999 45.13627887 99999 99999 0 99999 86.1350596 84.04007554 83.75325799 99999 99999 11.41758561
99999 99999 99999 99999 41.50028825 25.44118762 48.41416478 12.71490455 99999 99999 63.64381909 24.09819961 99999 0 83.30647349 99999 99999 99999 1.42647624 99999
99999 99999 99999 92.43692756 99999 99999 32.17046857 94.35366988 44.55423951 61.32518649 46.95609212 79.86568809 86.1350596 83.30647349 0 99999 46.10002637 99999 99999 17.96525121
35.15821099 99999 99999 99999 77.46382356 99999 38.4136498 99999 99999 99999 99999 99999 84.04007554 99999 99999 0 99999 99999 99999 99999
99999 84.58148837 99999 99999 99999 46.0281074 99999 90.99759459 62.20112443 99999 99999 99999 83.75325799 99999 46.10002637 99999 0 99999 99999 99.20507073
99999 69.02710795 99999 99999 98.39439988 86.31631732 35.74345708 53.75666022 24.39599633 99999 99999 69.36969161 99999 99999 99999 99999 99999 0 36.69664264 76.91313624
99999 99999 9.415370226 57.81950355 99999 99999 1.927739382 99999 99999 85.85998416 99999 99999 99999 1.42647624 99999 99999 99999 36.69664264 0 99999
99999 10.27399898 99999 99999 73.43264222 99999 40.79421163 70.50251365 99999 92.07684398 55.84991574 49.07025695 11.41758561 99999 17.96525121 99999 99.20507073 76.91313624 99999 0
