29.2627076 32.37727561 24.32537833 41.51297688 20.08869003 15.507155 23.37841828 14.29745459 7.165148568 54.71567997 15.25536215 18.03055721 20.89333238 49.58129544 33.36802572 17.17117728 23.20325804 6.530192698 36.87123052 51.06468372
32.37727561 35.8233418 26.9144431 45.93139885 22.22682407 17.15765466 25.86669363 15.81920013 7.927769132 60.53932791 16.87906231 19.94963447 23.11710831 54.85846661 36.91954211 18.99878668 25.67289026 7.225231913 40.79560953 56.49973891
24.32537833 26.9144431 20.22109639 34.50872975 16.69924027 12.89072144 19.43391149 11.88512686 5.956214036 45.48381627 12.68141216 14.98836443 17.36811992 41.21572707 27.73802961 14.27398276 19.28830504 5.428390637 30.6501587 42.44883173
41.51297688 45.93139885 34.50872975 58.89158561 28.49843344 21.99892696 33.16534311 20.28280876 10.1647001 77.62134622 21.64172588 25.57870293 29.63992382 70.33755043 47.33690742 24.35956013 32.91685541 9.263932177 52.30666148 72.44193066
20.08869003 22.22682407 16.69924027 28.49843344 13.79077673 10.64557779 16.04915733 9.815125018 4.918835623 37.56201749 10.47272336 12.37787971 14.34315934 34.03729036 22.90696865 11.78792005 15.92891078 4.482941863 25.31189974 35.05562837
15.507155 17.15765466 12.89072144 21.99892696 10.64557779 8.217689882 12.38889992 7.576634653 3.797019434 28.99542113 8.084257572 9.554913685 11.07198104 26.27456228 17.68268179 9.09950341 12.29607745 3.460537956 19.53913133 27.06065263
23.37841828 25.86669363 19.43391149 33.16534311 16.04915733 12.38889992 18.67737084 11.42245203 5.724345217 43.71318166 12.18773882 14.40488399 16.69199824 39.61124445 26.65821883 13.71831241 18.53743268 5.2170694 29.45698196 40.79634571
14.29745459 15.81920013 11.88512686 20.28280876 9.815125018 7.576634653 11.42245203 6.985587615 3.50081707 26.73351217 7.453611287 8.809542727 10.2082649 24.22490529 16.30327033 8.389658632 11.33687056 3.190584236 18.01489976 24.94967338
7.165148568 7.927769132 5.956214036 10.1647001 4.918835623 3.797019434 5.724345217 3.50081707 1.754429382 13.39746073 3.735366453 4.414889521 5.115857105 12.14027604 8.170360207 4.204465218 5.681456187 1.598956648 9.028140806 12.50349252
54.71567997 60.53932791 45.48381627 77.62134622 37.56201749 28.99542113 43.71318166 26.73351217 13.39746073 102.307882 28.52461655 33.7137018 39.06654516 92.70756251 62.39184158 32.1068253 43.38566543 12.2102144 68.94216616 95.48121557
15.25536215 16.87906231 12.68141216 21.64172588 10.47272336 8.084257572 12.18773882 7.453611287 3.735366453 28.52461655 7.952991829 9.399768599 10.89220302 25.84793685 17.39556447 8.951752913 12.09642353 3.404348494 19.22187046 26.62126329
18.03055721 19.94963447 14.98836443 25.57870293 12.37787971 9.554913685 14.40488399 8.809542727 4.414889521 33.7137018 9.399768599 11.10973727 12.87366944 30.55009113 20.56009666 10.58022034 14.29695698 4.023654086 22.71863699 31.46409805
20.89333238 23.11710831 17.36811992 29.63992382 14.34315934 11.07198104 16.69199824 10.2082649 5.115857105 39.06654516 10.89220302 12.87366944 14.91766736 35.40063686 23.82449573 12.26007925 16.56693527 4.66250384 26.32575512 36.45976389
49.58129544 54.85846661 41.21572707 70.33755043 34.03729036 26.27456228 39.61124445 24.22490529 12.14027604 92.70756251 25.84793685 30.55009113 35.40063686 84.00811337 56.53714496 29.09399996 39.31446153 11.06443798 62.47280323 86.52149366
33.36802572 36.91954211 27.73802961 47.33690742 22.90696865 17.68268179 26.65821883 16.30327033 8.170360207 62.39184158 17.39556447 20.56009666 23.82449573 56.53714496 38.04928634 19.58015277 26.45848504 7.446325231 42.04396207 58.22864047
17.17117728 18.99878668 14.27398276 24.35956013 11.78792005 9.09950341 13.71831241 8.389658632 4.204465218 32.1068253 8.951752913 10.58022034 12.26007925 29.09399996 19.58015277 10.07594147 13.61552946 3.831877009 21.63581185 29.9644431
23.20325804 25.67289026 19.28830504 32.91685541 15.92891078 12.29607745 18.53743268 11.33687056 5.681456187 43.38566543 12.09642353 14.29695698 16.56693527 39.31446153 26.45848504 13.61552946 18.39854299 5.177981078 29.23627875 40.49068355
6.530192698 7.225231913 5.428390637 9.263932177 4.482941863 3.460537956 5.2170694 3.190584236 1.598956648 12.2102144 3.404348494 4.023654086 4.66250384 11.06443798 7.446325231 3.831877009 5.177981078 1.457261483 8.228091659 11.3954672
36.87123052 40.79560953 30.6501587 52.30666148 25.31189974 19.53913133 29.45698196 18.01489976 9.028140806 68.94216616 19.22187046 22.71863699 26.32575512 62.47280323 42.04396207 21.63581185 29.23627875 8.228091659 46.45802633 64.34188356
51.06468372 56.49973891 42.44883173 72.44193066 35.05562837 27.06065263 40.79634571 24.94967338 12.50349252 95.48121557 26.62126329 31.46409805 36.45976389 86.52149366 58.22864047 29.9644431 40.49068355 11.3954672 64.34188356 89.11007003
